RS: 0.01, -0.01, 0.01
0 186 88 208
RS: 0.01, -0.01, 0.01
2 99 221 184
RS: 0.00, -0.02, 0.01
2 100 2 112
RS: 0.01, -0.01, 0.02
2 100 39 40
RS: 0.00, -0.01, 0.01
2 100 75 224
RS: 0.01, -0.01, 0.01
2 100 112 152
RS: 0.01, -0.01, 0.01
2 100 149 80
RS: 0.00, -0.01, 0.01
2 100 186 8
RS: 0.01, -0.01, 0.01
2 100 222 184
RS: 0.01, -0.02, 0.00
2 101 3 112
RS: 0.01, -0.01, 0.01
2 101 40 40
RS: 0.01, -0.00, 0.01
2 101 76 224
RS: 0.01, -0.01, 0.01
2 101 113 152
RS: 0.01, -0.01, 0.01
2 101 150 80
RS: 0.01, -0.01, 0.01
2 101 187 8
RS: 0.01, -0.01, 0.02
2 101 223 184
RS: 0.01, -0.02, 0.01
2 102 4 112
RS: 0.01, -0.01, 0.01
2 102 41 40
RS: 0.00, -0.02, 0.01
2 102 77 224
RS: 0.00, -0.02, 0.01
2 102 114 152
RS: 0.00, -0.01, 0.01
2 102 151 80
RS: 0.01, -0.01, 0.01
2 102 188 8
RS: 0.00, -0.02, 0.02
2 102 224 192
RS: 0.01, -0.01, 0.02
2 103 5 112
RS: 0.01, -0.01, 0.02
2 103 42 40
RS: 0.00, -0.01, 0.02
2 103 78 224
RS: 0.00, -0.01, 0.01
2 103 115 152
RS: 0.01, -0.01, 0.01
2 103 152 80
RS: 0.00, -0.02, 0.01
2 103 189 8
RS: 0.00, -0.01, 0.01
2 103 225 192
RS: 0.01, -0.01, 0.02
2 104 6 120
RS: 0.02, -0.01, 0.01
2 104 43 48
RS: 0.01, -0.01, 0.01
2 104 79 224
RS: 0.02, -0.02, 0.01
2 104 116 152
RS: 0.01, -0.01, 0.01
2 104 153 80
RS: 0.01, -0.01, 0.01
2 104 190 8
RS: 0.01, -0.02, 0.01
2 104 226 192
RS: 0.01, -0.01, 0.02
2 105 7 120
RS: 0.01, -0.02, 0.01
2 105 44 48
RS: 0.01, -0.01, 0.01
2 105 80 232
RS: 0.00, -0.02, 0.01
2 105 117 160
RS: 0.01, -0.01, 0.01
2 105 154 80
RS: 0.01, -0.01, 0.02
2 105 191 8
RS: 0.02, -0.01, 0.01
2 105 227 192
RS: 0.02, -0.01, 0.01
2 106 8 120
RS: 0.02, -0.01, 0.01
2 106 45 48
RS: 0.01, -0.01, 0.01
2 106 81 232
RS: 0.02, -0.01, 0.01
2 106 118 160
RS: 0.01, -0.01, 0.01
2 106 155 80
RS: 0.01, -0.01, 0.01
2 106 192 16
RS: 0.01, -0.01, 0.01
2 106 228 192
RS: 0.01, -0.01, 0.01
2 107 9 120
RS: 0.01, -0.01, 0.01
2 107 46 48
RS: 0.00, -0.01, 0.01
2 107 82 232
RS: 0.00, -0.01, 0.01
2 107 119 160
RS: 0.01, -0.01, 0.01
2 107 156 88
RS: 0.02, -0.01, 0.00
2 107 193 16
RS: 0.00, -0.01, 0.01
2 107 229 192
RS: 0.01, -0.01, 0.01
2 108 10 120
RS: 0.01, -0.02, 0.01
2 108 47 48
RS: 0.01, -0.01, 0.01
2 108 83 232
RS: 0.02, -0.01, 0.01
2 108 120 160
RS: 0.01, -0.01, 0.01
2 108 157 88
RS: 0.02, -0.01, 0.01
2 108 194 16
RS: 0.01, -0.01, 0.01
2 108 230 200
RS: 0.01, -0.01, 0.01
2 109 11 120
RS: 0.00, -0.01, 0.01
2 109 48 48
RS: 0.01, -0.01, 0.01
2 109 84 232
RS: 0.02, -0.02, 0.01
2 109 121 160
RS: 0.01, -0.01, 0.01
2 109 158 88
RS: 0.00, -0.01, 0.01
2 109 195 16
RS: 0.01, -0.01, 0.01
2 109 231 200
RS: 0.01, -0.01, 0.02
2 110 12 128
RS: 0.01, -0.02, 0.01
2 110 49 48
RS: 0.01, -0.02, 0.01
2 110 85 232
RS: 0.01, -0.01, 0.01
2 110 122 160
RS: 0.01, -0.01, 0.01
2 110 159 88
RS: 0.01, -0.02, 0.01
2 110 196 16
RS: 0.01, -0.01, 0.01
2 110 232 200
RS: 0.02, -0.01, 0.01
2 111 13 128
RS: 0.00, -0.01, 0.01
2 111 50 56
RS: 0.01, -0.01, 0.01
2 111 86 240
RS: 0.01, -0.02, 0.01
2 111 123 160
RS: 0.00, -0.02, 0.01
2 111 160 88
RS: 0.00, -0.01, 0.01
2 111 197 16
RS: 0.01, -0.01, 0.01
2 111 233 200
RS: 0.01, -0.01, 0.01
2 112 14 128
RS: 0.01, -0.02, 0.01
2 112 51 56
RS: 0.00, -0.01, 0.01
2 112 87 240
RS: 0.01, -0.01, 0.01
2 112 124 168
RS: 0.01, -0.01, 0.01
2 112 161 88
RS: 0.02, -0.01, 0.01
2 112 198 16
RS: 0.01, -0.01, 0.01
2 112 234 200
RS: 0.01, -0.02, 0.00
2 113 15 128
RS: 0.01, -0.01, 0.01
2 113 52 56
RS: 0.01, -0.01, 0.02
2 113 88 240
RS: 0.00, -0.01, 0.01
2 113 125 168
RS: 0.01, -0.02, 0.00
2 113 162 96
RS: 0.01, -0.01, 0.01
2 113 199 16
RS: 0.01, -0.01, 0.01
2 113 235 200
RS: 0.01, -0.01, 0.00
2 114 16 128
RS: 0.00, -0.01, -0.01
2 114 53 56
RS: -0.03, -0.02, -0.03
2 114 89 240
RS: -0.05, -0.01, -0.05
2 114 126 168
RS: -0.05, -0.02, -0.07
2 114 163 96
RS: -0.03, -0.04, -0.05
2 114 200 24
RS: 0.00, -0.05, -0.03
2 114 236 208
RS: 0.02, -0.05, -0.01
2 115 17 128
RS: 0.02, -0.04, 0.00
2 115 54 56
RS: 0.01, -0.04, 0.01
2 115 90 240
RS: -0.01, -0.03, 0.02
2 115 127 168
RS: -0.02, -0.03, 0.02
2 115 164 96
RS: -0.01, -0.04, 0.02
2 115 201 24
RS: -0.01, -0.04, 0.00
2 115 237 208
RS: -0.00, -0.06, 0.00
2 116 18 136
RS: 0.00, -0.10, 0.02
2 116 55 56
RS: -0.01, -0.06, 0.05
2 116 91 240
RS: -0.01, -0.02, 0.03
2 116 128 168
RS: -0.01, -0.01, 0.02
2 116 165 96
RS: -0.01, -0.02, 0.03
2 116 202 24
RS: -0.00, -0.01, 0.01
2 116 238 208
RS: 0.01, -0.02, -0.00
2 117 19 136
RS: 0.01, -0.02, 0.00
2 117 56 64
RS: 0.01, -0.04, -0.01
2 117 92 240
RS: 0.01, -0.05, -0.02
2 117 129 168
RS: 0.04, -0.07, -0.04
2 117 166 96
RS: 0.03, -0.09, -0.06
2 117 203 24
RS: 0.04, -0.09, -0.10
2 117 239 208
RS: 0.04, -0.06, -0.10
2 118 20 136
RS: 0.03, -0.05, -0.11
2 118 57 64
RS: 0.02, -0.06, -0.14
2 118 93 248
RS: 0.03, -0.06, -0.18
2 118 130 176
RS: 0.01, -0.04, -0.23
2 118 167 96
RS: -0.00, -0.01, -0.29
2 118 204 24
RS: 0.00, -0.02, -0.32
2 118 240 208
RS: 0.01, -0.06, -0.34
2 119 21 136
RS: 0.03, -0.12, -0.37
2 119 58 64
RS: 0.04, -0.19, -0.40
2 119 94 248
RS: 0.03, -0.22, -0.43
2 119 131 176
RS: 0.02, -0.21, -0.44
2 119 168 104
RS: 0.01, -0.18, -0.47
2 119 205 24
RS: 0.00, -0.14, -0.51
2 119 241 208
RS: -0.02, -0.10, -0.56
2 120 22 136
RS: -0.03, -0.05, -0.63
2 120 59 64
RS: -0.05, -0.01, -0.69
2 120 95 248
RS: -0.07, 0.00, -0.74
2 120 132 176
RS: -0.09, 0.02, -0.79
2 120 169 104
RS: -0.10, 0.03, -0.83
2 120 206 32
RS: -0.11, 0.03, -0.86
2 120 242 208
RS: -0.12, 0.04, -0.91
2 121 23 136
RS: -0.14, 0.08, -0.93
2 121 60 64
RS: -0.17, 0.12, -0.94
2 121 96 248
RS: -0.19, 0.17, -0.94
2 121 133 176
RS: -0.22, 0.24, -0.95
2 121 170 104
RS: -0.22, 0.31, -0.96
2 121 207 32
RS: -0.20, 0.27, -0.97
2 121 243 216
RS: -0.18, 0.25, -0.97
2 122 24 144
RS: -0.16, 0.21, -0.95
2 122 61 64
RS: -0.13, 0.17, -0.93
2 122 97 248
RS: -0.13, 0.21, -0.91
2 122 134 176
RS: -0.15, 0.27, -0.90
2 122 171 104
RS: -0.16, 0.29, -0.87
2 122 208 32
RS: -0.17, 0.25, -0.86
2 122 244 216
RS: -0.15, 0.22, -0.86
2 123 25 144
RS: -0.14, 0.23, -0.87
2 123 62 72
RS: -0.15, 0.29, -0.87
2 123 98 248
RS: -0.14, 0.32, -0.86
2 123 135 176
RS: -0.12, 0.32, -0.86
2 123 172 104
RS: -0.08, 0.32, -0.86
2 123 209 32
RS: -0.03, 0.31, -0.87
2 123 245 216
RS: 0.01, 0.26, -0.89
2 124 26 144
RS: 0.05, 0.21, -0.89
2 124 63 72
RS: 0.09, 0.13, -0.87
2 124 100 0
RS: 0.11, 0.06, -0.84
2 124 136 184
RS: 0.13, 0.02, -0.80
2 124 173 104
RS: 0.12, 0.03, -0.76
2 124 210 32
RS: 0.11, 0.05, -0.73
2 124 246 216
RS: 0.09, 0.08, -0.68
2 125 27 144
RS: 0.07, 0.10, -0.64
2 125 64 72
RS: 0.05, 0.12, -0.62
2 125 101 0
RS: 0.04, 0.10, -0.60
2 125 137 184
RS: 0.05, 0.09, -0.59
2 125 174 112
RS: 0.07, 0.09, -0.58
2 125 211 32
RS: 0.07, 0.13, -0.59
2 125 247 216
RS: 0.08, 0.14, -0.58
2 126 28 144
RS: 0.09, 0.11, -0.57
2 126 65 72
RS: 0.10, 0.05, -0.56
2 126 102 0
RS: 0.10, -0.01, -0.54
2 126 138 184
RS: 0.11, -0.07, -0.52
2 126 175 112
RS: 0.12, -0.14, -0.49
2 126 212 40
RS: 0.11, -0.20, -0.44
2 126 248 216
RS: 0.09, -0.20, -0.40
2 127 29 144
RS: 0.05, -0.13, -0.35
2 127 66 72
RS: 0.02, -0.06, -0.31
2 127 103 0
RS: 0.00, -0.01, -0.26
2 127 139 184
RS: -0.01, 0.02, -0.23
2 127 176 112
RS: 0.00, 0.02, -0.19
2 127 213 40
RS: 0.02, -0.00, -0.16
2 127 249 224
RS: 0.02, -0.03, -0.13
2 128 30 152
RS: 0.02, -0.03, -0.11
2 128 67 72
RS: 0.02, -0.02, -0.09
2 128 104 0
RS: 0.02, -0.03, -0.09
2 128 140 184
RS: 0.02, -0.03, -0.08
2 128 177 112
RS: 0.01, -0.03, -0.07
2 128 214 40
RS: 0.00, -0.05, -0.07
2 128 250 224
RS: 0.01, -0.04, -0.05
2 129 31 152
RS: -0.00, -0.02, -0.02
2 129 68 80
RS: -0.01, 0.00, 0.03
2 129 105 0
RS: -0.02, 0.01, 0.08
2 129 141 184
RS: -0.02, 0.01, 0.13
2 129 178 112
RS: -0.02, 0.00, 0.18
2 129 215 40
RS: -0.02, -0.01, 0.21
2 129 251 224
RS: -0.03, -0.00, 0.22
2 130 32 152
RS: -0.03, 0.01, 0.23
2 130 69 80
RS: -0.04, 0.03, 0.26
2 130 106 8
RS: -0.03, 0.06, 0.30
2 130 142 184
RS: -0.05, 0.07, 0.33
2 130 179 112
RS: -0.05, 0.07, 0.36
2 130 216 40
RS: -0.05, 0.05, 0.39
2 130 252 224
RS: -0.03, 0.03, 0.41
2 131 33 152
RS: -0.01, 0.01, 0.44
2 131 70 80
RS: 0.00, -0.01, 0.49
2 131 107 8
RS: 0.01, -0.03, 0.52
2 131 143 192
RS: 0.02, -0.04, 0.56
2 131 180 120
RS: 0.03, -0.05, 0.62
2 131 217 40
RS: 0.03, -0.08, 0.68
2 131 253 224
RS: 0.04, -0.10, 0.73
2 132 34 152
RS: 0.05, -0.07, 0.77
2 132 71 80
RS: 0.04, -0.01, 0.80
2 132 108 8
RS: 0.04, -0.01, 0.85
2 132 144 192
RS: 0.05, -0.03, 0.90
2 132 181 120
RS: 0.05, 0.00, 0.94
2 132 218 48
RS: 0.05, 0.04, 0.98
2 132 254 232
RS: 0.06, 0.03, 1.01
2 133 35 152
RS: 0.06, -0.03, 1.02
2 133 72 80
RS: 0.08, -0.12, 1.03
2 133 109 8
RS: 0.10, -0.20, 1.03
2 133 145 192
RS: 0.11, -0.30, 1.04
2 133 182 120
RS: 0.14, -0.39, 1.05
2 133 219 48
RS: 0.15, -0.38, 1.04
2 133 255 232
RS: 0.16, -0.26, 0.99
2 134 36 152
RS: 0.14, -0.14, 0.96
2 134 73 80
RS: 0.13, -0.08, 0.97
2 134 110 8
RS: 0.11, -0.04, 0.99
2 134 146 192
RS: 0.08, 0.02, 1.02
2 134 183 120
RS: 0.05, 0.06, 1.03
2 134 220 48
RS: 0.05, 0.05, 1.02
2 135 0 232
RS: 0.07, 0.02, 1.00
2 135 37 160
RS: 0.08, -0.02, 0.98
2 135 74 88
RS: 0.09, -0.07, 0.97
2 135 111 8
RS: 0.09, -0.12, 0.96
2 135 147 192
RS: 0.08, -0.13, 0.95
2 135 184 120
RS: 0.06, -0.08, 0.93
2 135 221 48
RS: 0.04, 0.01, 0.91
2 136 1 232
RS: 0.02, 0.07, 0.89
2 136 38 160
RS: -0.01, 0.13, 0.90
2 136 75 88
RS: -0.05, 0.18, 0.92
2 136 112 16
RS: -0.06, 0.20, 0.93
2 136 148 192
RS: -0.05, 0.17, 0.91
2 136 185 120
RS: -0.04, 0.13, 0.88
2 136 222 48
RS: -0.03, 0.10, 0.86
2 137 2 232
RS: -0.05, 0.05, 0.84
2 137 39 160
RS: -0.05, 0.01, 0.84
2 137 76 88
RS: -0.04, -0.00, 0.82
2 137 113 16
RS: -0.05, -0.01, 0.80
2 137 149 200
RS: -0.04, -0.03, 0.78
2 137 186 128
RS: -0.03, -0.08, 0.74
2 137 223 48
RS: 0.00, -0.15, 0.68
2 138 3 232
RS: 0.04, -0.19, 0.59
2 138 40 160
RS: 0.06, -0.18, 0.50
2 138 77 88
RS: 0.08, -0.18, 0.43
2 138 114 16
RS: 0.07, -0.12, 0.37
2 138 150 200
RS: 0.07, -0.03, 0.25
2 138 187 128
RS: 0.12, -0.04, 0.14
2 138 224 56
RS: 0.12, -0.06, 0.13
2 139 4 232
RS: 0.09, -0.07, 0.13
2 139 41 160
RS: 0.04, -0.07, 0.10
2 139 78 88
RS: 0.04, -0.13, 0.06
2 139 115 16
RS: 0.02, -0.19, 0.05
2 139 151 200
RS: 0.01, -0.20, 0.03
2 139 188 128
RS: 0.02, -0.14, 0.02
2 139 225 56
RS: 0.01, -0.09, 0.03
2 140 5 240
RS: 0.01, -0.08, 0.02
2 140 42 160
RS: 0.00, -0.09, 0.01
2 140 79 88
RS: 0.00, -0.06, 0.00
2 140 116 16
RS: 0.00, -0.02, 0.00
2 140 152 200
RS: -0.01, -0.01, -0.00
2 140 189 128
RS: -0.01, -0.00, -0.01
2 140 226 56
RS: -0.00, -0.01, -0.01
2 141 6 240
RS: -0.00, -0.01, -0.01
2 141 43 168
RS: -0.01, -0.01, -0.01
2 141 80 96
RS: -0.01, -0.01, -0.01
2 141 117 16
RS: -0.01, -0.00, -0.01
2 141 153 200
RS: -0.01, -0.00, -0.00
2 141 190 128
RS: -0.02, -0.01, -0.00
2 141 227 56
RS: -0.02, -0.01, -0.01
2 142 7 240
RS: -0.01, -0.01, 0.00
2 142 44 168
RS: -0.00, -0.01, 0.00
2 142 81 96
RS: 0.00, -0.00, 0.00
2 142 118 24
RS: 0.00, -0.00, 0.01
2 142 154 200
RS: 0.01, -0.01, 0.01
2 142 191 128
RS: 0.01, -0.01, 0.00
2 142 228 56
RS: 0.01, -0.01, 0.01
2 143 8 240
RS: 0.01, -0.01, 0.01
2 143 45 168
RS: 0.02, -0.01, 0.01
2 143 82 96
RS: 0.02, -0.01, 0.02
2 143 119 24
RS: 0.01, -0.01, 0.01
2 143 155 208
RS: 0.01, -0.01, 0.01
2 143 192 136
RS: 0.00, -0.02, 0.01
2 143 229 56
RS: 0.00, -0.01, 0.01
2 144 9 240
RS: 0.00, -0.01, -0.00
2 144 46 168
RS: -0.00, -0.01, 0.01
2 144 83 96
RS: 0.00, -0.01, 0.02
2 144 120 24
RS: 0.02, -0.02, 0.03
2 144 156 208
RS: 0.03, -0.02, 0.02
2 144 193 136
RS: 0.02, -0.01, 0.01
2 144 230 64
RS: 0.00, -0.02, 0.01
2 145 10 240
RS: 0.00, -0.01, 0.01
2 145 47 168
RS: 0.00, -0.01, 0.01
2 145 84 96
RS: 0.01, -0.01, 0.01
2 145 121 24
RS: 0.01, -0.01, 0.02
2 145 157 208
RS: 0.01, -0.01, 0.01
2 145 194 136
RS: 0.01, -0.02, 0.01
2 145 231 64
RS: 0.01, -0.01, 0.01
2 146 11 248
RS: 0.00, -0.01, 0.01
2 146 48 168
RS: 0.00, -0.02, 0.01
2 146 85 96
RS: 0.01, -0.01, 0.01
2 146 122 24
RS: 0.01, -0.01, 0.01
2 146 158 208
RS: 0.01, -0.01, 0.02
2 146 195 136
RS: 0.01, -0.01, 0.01
2 146 232 64
RS: 0.01, -0.01, 0.01
2 147 12 248
RS: 0.01, -0.02, 0.01
2 147 49 176
RS: 0.01, -0.01, 0.01
2 147 86 104
RS: 0.01, -0.02, 0.01
2 147 123 24
RS: 0.01, -0.01, 0.01
2 147 159 208
RS: 0.01, -0.01, 0.01
2 147 196 136
RS: 0.01, -0.01, 0.01
2 147 233 64
RS: 0.01, -0.01, 0.01
2 148 13 248
RS: 0.02, -0.01, 0.01
2 148 50 176
RS: 0.01, -0.01, 0.01
2 148 87 104
RS: 0.02, -0.01, 0.01
2 148 124 32
RS: 0.00, -0.01, 0.02
2 148 160 208
RS: 0.00, -0.01, 0.01
2 148 197 136
RS: 0.01, -0.01, 0.01
2 148 234 64
RS: 0.01, -0.01, 0.00
2 149 14 248
RS: 0.01, -0.01, 0.01
2 149 51 176
RS: 0.01, -0.01, 0.01
2 149 88 104
RS: 0.01, -0.01, 0.01
2 149 125 32
RS: 0.01, -0.01, 0.01
2 149 161 216
RS: 0.00, -0.02, 0.01
2 149 198 136
RS: 0.01, -0.02, 0.01
2 149 235 64
RS: 0.00, -0.01, 0.01
2 150 15 248
RS: 0.01, -0.01, 0.01
2 150 52 176
RS: 0.02, -0.01, 0.01
2 150 89 104
RS: 0.01, -0.01, 0.00
2 150 126 32
RS: 0.00, -0.01, 0.01
2 150 162 216
RS: 0.01, -0.01, 0.01
2 150 199 144
RS: 0.01, -0.01, 0.01
2 150 236 72
RS: 0.01, -0.01, 0.01
2 151 16 248
RS: 0.01, -0.01, 0.01
2 151 53 176
RS: 0.02, -0.02, 0.01
2 151 90 104
RS: 0.00, -0.01, 0.01
2 151 127 32
RS: 0.01, -0.01, 0.01
2 151 163 216
RS: 0.01, -0.01, 0.01
2 151 200 144
RS: 0.01, -0.01, 0.01
2 151 237 72
RS: 0.00, -0.01, 0.01
2 152 18 0
RS: 0.00, -0.01, 0.01
2 152 54 176
RS: 0.00, -0.01, 0.01
2 152 91 104
RS: 0.01, -0.01, 0.01
2 152 128 32
RS: 0.01, -0.01, 0.01
2 152 164 216
RS: 0.00, -0.01, 0.01
2 152 201 144
RS: 0.02, -0.01, 0.01
2 152 238 72
RS: 0.01, -0.02, 0.01
2 153 19 0
RS: 0.01, -0.01, 0.01
2 153 55 184
RS: 0.00, -0.01, 0.01
2 153 92 112
RS: 0.00, -0.01, 0.01
2 153 129 32
RS: 0.00, -0.02, 0.01
2 153 165 216
RS: 0.01, -0.01, 0.01
2 153 202 144
RS: 0.01, -0.01, 0.01
2 153 239 72
RS: 0.01, -0.01, 0.01
2 154 20 0
RS: 0.01, -0.01, 0.01
2 154 56 184
RS: 0.01, -0.02, 0.01
2 154 93 112
RS: 0.01, -0.01, 0.01
2 154 130 40
RS: 0.01, -0.01, 0.01
2 154 166 216
RS: 0.01, -0.02, 0.01
2 154 203 144
RS: 0.02, -0.01, 0.01
2 154 240 72
RS: 0.02, -0.01, 0.01
2 155 21 0
RS: 0.01, -0.01, 0.01
2 155 57 184
RS: 0.01, -0.01, 0.01
2 155 94 112
RS: 0.01, -0.02, 0.01
2 155 131 40
RS: 0.00, -0.02, 0.01
2 155 167 224
RS: 0.01, -0.01, 0.01
2 155 204 152
RS: 0.01, -0.01, 0.01
2 155 241 72
RS: 0.02, -0.00, 0.00
2 156 22 0
RS: 0.00, -0.01, 0.01
2 156 58 184
RS: 0.01, -0.01, 0.01
2 156 95 112
RS: 0.01, -0.01, 0.01
2 156 132 40
RS: 0.01, -0.01, 0.01
2 156 168 224
RS: 0.00, -0.02, 0.01
2 156 205 152
RS: 0.00, -0.02, 0.01
2 156 242 80
RS: 0.00, -0.02, 0.01
2 157 23 0
RS: 0.01, -0.01, 0.01
2 157 59 184
RS: 0.01, -0.01, 0.01
2 157 96 112
RS: 0.01, -0.01, 0.01
2 157 133 40
RS: 0.01, -0.01, 0.01
2 157 169 224
RS: 0.01, -0.01, 0.01
2 157 206 152
RS: 0.01, -0.01, 0.01
2 157 243 80
RS: 0.00, -0.01, 0.01
2 158 24 16
RS: 0.01, -0.01, 0.01
2 158 60 192
RS: 0.00, -0.01, 0.01
2 158 97 112
RS: 0.01, -0.01, 0.01
2 158 134 40
RS: 0.01, -0.01, 0.01
2 158 170 224
RS: 0.01, -0.01, 0.01
2 158 207 152
RS: 0.01, -0.01, 0.01
2 158 244 80
RS: 0.01, -0.01, 0.01
2 159 25 8
RS: 0.01, -0.01, 0.01
2 159 61 192
RS: 0.01, -0.01, 0.01
2 159 98 120
RS: 0.01, -0.01, 0.01
2 159 135 40
RS: 0.01, -0.02, 0.01
2 159 171 224
RS: 0.01, -0.02, 0.01
2 159 208 152
RS: 0.00, -0.02, 0.01
2 159 245 80
RS: 0.01, -0.01, 0.01
2 160 26 8
RS: 0.01, -0.02, 0.02
2 160 62 192
RS: 0.01, -0.01, 0.01
2 160 99 120
RS: 0.01, -0.01, 0.01
2 160 136 48
RS: 0.01, -0.01, 0.01
2 160 172 224
RS: 0.01, -0.01, 0.01
2 160 209 152
RS: 0.01, -0.01, 0.01
2 160 246 80
RS: 0.01, -0.01, 0.01
2 161 27 8
RS: 0.01, -0.02, 0.01
2 161 63 192
RS: 0.01, -0.02, 0.02
2 161 100 120
RS: 0.01, -0.01, 0.01
2 161 137 48
RS: 0.01, -0.01, 0.01
2 161 173 232
RS: 0.02, -0.01, 0.01
2 161 210 152
RS: 0.01, -0.01, 0.02
2 161 247 80
RS: 0.01, -0.01, 0.01
2 162 28 8
RS: 0.01, -0.02, 0.01
2 162 64 192
RS: 0.01, -0.01, 0.01
2 162 101 120
RS: 0.01, -0.01, 0.01
2 162 138 48
RS: 0.01, -0.01, 0.01
2 162 174 232
RS: 0.01, -0.01, 0.01
2 162 211 160
RS: 0.01, -0.01, 0.01
2 162 248 88
RS: 0.01, -0.02, 0.01
2 163 29 8
RS: 0.00, -0.02, 0.01
2 163 65 192
RS: 0.01, -0.01, 0.01
2 163 102 120
RS: 0.00, -0.02, 0.01
2 163 139 48
RS: 0.00, -0.02, 0.01
2 163 175 232
RS: 0.01, -0.01, 0.01
2 163 212 160
RS: 0.01, -0.02, 0.01
2 163 249 88
RS: 0.01, -0.01, 0.00
2 164 30 16
RS: 0.01, -0.01, 0.00
2 164 66 200
RS: 0.01, -0.01, 0.00
2 164 103 120
RS: 0.01, -0.01, 0.01
2 164 140 48
RS: 0.01, -0.01, 0.01
2 164 176 232
RS: 0.01, -0.01, 0.01
2 164 213 160
RS: 0.01, -0.01, 0.01
2 164 250 88
RS: 0.01, -0.02, 0.01
2 165 31 16
RS: 0.01, -0.01, 0.01
2 165 67 200
RS: 0.01, -0.01, 0.02
2 165 104 128
RS: 0.01, -0.01, 0.02
2 165 141 56
RS: 0.02, -0.01, 0.02
2 165 177 232
RS: 0.01, -0.01, 0.02
2 165 214 160
RS: 0.01, -0.01, 0.01
2 165 251 88
RS: 0.01, -0.01, 0.01
2 166 32 16
RS: 0.01, -0.01, 0.01
2 166 68 200
RS: 0.01, -0.01, 0.01
2 166 105 128
RS: 0.01, -0.01, 0.01
2 166 142 56
RS: 0.01, -0.01, 0.01
2 166 178 232
RS: 0.01, -0.01, 0.01
2 166 215 160
RS: 0.01, -0.01, 0.01
2 166 252 88
RS: 0.01, -0.01, 0.01
2 167 33 16
RS: 0.01, -0.01, 0.02
2 167 69 200
RS: 0.02, -0.01, 0.01
2 167 106 128
RS: 0.01, -0.01, 0.01
2 167 143 56
RS: 0.00, -0.01, 0.01
2 167 179 240
RS: 0.00, -0.01, 0.01
2 167 216 168
RS: 0.01, -0.01, 0.01
2 167 253 88
RS: 0.01, -0.01, 0.01
2 168 34 16
RS: 0.00, -0.02, 0.01
2 168 70 200
RS: 0.01, -0.02, 0.01
2 168 107 128
RS: 0.00, -0.01, 0.01
2 168 144 56
RS: 0.01, -0.01, 0.02
2 168 180 240
RS: 0.01, -0.01, 0.02
2 168 217 168
RS: 0.01, -0.01, 0.01
2 168 254 96
RS: 0.00, -0.01, 0.00
2 169 35 16
RS: 0.01, -0.01, 0.01
2 169 71 200
RS: 0.00, -0.01, 0.01
2 169 108 128
RS: 0.01, -0.01, 0.01
2 169 145 56
RS: 0.00, -0.01, 0.01
2 169 181 240
RS: 0.00, -0.01, 0.01
2 169 218 168
RS: 0.01, -0.02, 0.01
2 169 255 96
RS: 0.00, -0.01, 0.01
2 170 36 24
RS: 0.00, -0.02, 0.01
2 170 72 208
RS: 0.01, -0.01, 0.01
2 170 109 128
RS: 0.01, -0.01, 0.01
2 170 146 56
RS: 0.01, -0.01, 0.02
2 170 182 240
RS: 0.01, -0.01, 0.02
2 170 219 168
RS: 0.00, -0.01, 0.01
2 171 0 96
RS: 0.01, -0.01, 0.01
2 171 37 24
RS: 0.01, -0.01, 0.01
2 171 73 208
RS: 0.00, -0.01, 0.01
2 171 110 136
RS: 0.02, -0.01, 0.01
2 171 147 56
RS: 0.01, -0.01, 0.02
2 171 183 240
RS: 0.00, -0.01, 0.01
2 171 220 168
RS: 0.01, -0.02, 0.00
2 172 1 96
RS: 0.00, -0.02, 0.01
2 172 38 24
RS: 0.01, -0.01, 0.01
2 172 74 208
RS: 0.01, -0.01, 0.01
2 172 111 136
RS: 0.01, -0.01, 0.01
2 172 148 64
RS: 0.01, -0.01, 0.01
2 172 184 240
RS: 0.01, -0.01, 0.01
2 172 221 168
RS: 0.01, -0.01, 0.01
2 173 2 96
RS: 0.01, -0.01, 0.02
2 173 39 24
RS: 0.01, -0.01, 0.01
2 173 75 208
RS: 0.01, -0.01, 0.01
2 173 112 136
RS: 0.01, -0.01, 0.01
2 173 149 64
RS: 0.01, -0.01, 0.01
2 173 185 248
RS: 0.01, -0.01, 0.01
2 173 222 176
RS: 0.01, -0.01, 0.00
2 174 3 96
RS: 0.00, -0.01, 0.01
2 174 40 24
RS: 0.02, -0.01, 0.01
2 174 76 208
RS: 0.01, -0.02, 0.01
2 174 113 136
RS: 0.01, -0.02, 0.01
2 174 150 64
RS: 0.01, -0.01, 0.01
2 174 186 248
RS: 0.00, -0.01, 0.01
2 174 223 176
RS: 0.00, -0.02, 0.01
2 175 4 104
RS: 0.01, -0.01, 0.01
2 175 41 24
RS: 0.01, -0.01, 0.01
2 175 77 208
RS: 0.02, -0.01, 0.01
2 175 114 136
RS: 0.01, -0.01, 0.01
2 175 151 64
RS: 0.00, -0.01, 0.01
2 175 187 248
RS: 0.00, -0.01, 0.01
2 175 224 176
RS: 0.01, -0.01, 0.01
2 176 5 104
RS: 0.01, -0.02, 0.01
2 176 42 32
RS: 0.01, -0.01, 0.02
2 176 78 216
RS: 0.01, -0.01, 0.01
2 176 115 136
RS: 0.01, -0.01, 0.01
2 176 152 64
RS: 0.01, -0.01, 0.01
2 176 188 248
RS: 0.02, -0.01, 0.01
2 176 225 176
RS: 0.01, -0.01, 0.01
2 177 6 104
RS: 0.01, -0.01, 0.01
2 177 43 32
RS: 0.02, -0.01, 0.01
2 177 79 216
RS: 0.01, -0.01, 0.01
2 177 116 144
RS: 0.00, -0.01, 0.01
2 177 153 64
RS: 0.01, -0.01, 0.00
2 177 189 248
RS: 0.02, -0.01, 0.01
2 177 226 176
RS: 0.02, -0.01, 0.01
2 178 7 104
RS: 0.01, -0.01, 0.01
2 178 44 32
RS: 0.01, -0.01, 0.01
2 178 80 216
RS: 0.01, -0.01, 0.01
2 178 117 144
RS: 0.01, -0.01, 0.01
2 178 154 72
RS: 0.01, -0.01, 0.01
2 178 191 0
RS: 0.01, -0.01, 0.01
2 178 227 176
RS: 0.00, -0.01, 0.01
2 179 8 104
RS: 0.01, -0.01, 0.01
2 179 45 32
RS: 0.00, -0.02, 0.01
2 179 81 216
RS: 0.01, -0.01, 0.00
2 179 118 144
RS: 0.01, -0.01, 0.01
2 179 155 72
RS: 0.01, -0.01, 0.01
2 179 192 0
RS: 0.00, -0.01, 0.02
2 179 228 184
RS: 0.01, -0.01, 0.00
2 180 9 104
RS: 0.01, -0.01, 0.01
2 180 46 32
RS: 0.01, -0.01, 0.01
2 180 82 216
RS: 0.01, -0.02, 0.01
2 180 119 144
RS: 0.01, -0.01, 0.01
2 180 156 72
RS: 0.01, -0.01, 0.02
2 180 193 0
RS: 0.00, -0.01, 0.02
2 180 229 184
RS: 0.01, -0.01, 0.01
2 181 10 112
RS: 0.01, -0.02, 0.01
2 181 47 40
RS: 0.01, -0.01, 0.02
2 181 83 216
RS: 0.00, -0.01, 0.02
2 181 120 144
RS: 0.00, -0.01, 0.01
2 181 157 72
RS: 0.01, -0.01, 0.01
2 181 194 0
RS: 0.01, -0.01, 0.01
2 181 230 184
RS: 0.01, -0.01, 0.01
2 182 11 112
RS: 0.01, -0.01, 0.01
2 182 48 40
RS: 0.01, -0.01, 0.01
2 182 84 224
RS: 0.01, -0.01, 0.01
2 182 121 144
RS: 0.00, -0.02, 0.01
2 182 158 72
RS: 0.01, -0.01, 0.00
2 182 195 0
RS: 0.01, -0.01, 0.01
2 182 231 184
RS: 0.00, -0.01, 0.02
2 183 12 112
RS: 0.00, -0.01, 0.02
2 183 49 40
RS: 0.01, -0.01, 0.01
2 183 85 224
RS: 0.01, -0.02, 0.01
2 183 122 152
RS: -0.00, -0.01, 0.01
2 183 159 80
RS: 0.00, -0.01, 0.02
2 183 196 0
RS: 0.01, -0.01, 0.01
2 183 232 184
RS: 0.01, -0.01, 0.01
2 184 13 112
RS: 0.01, -0.01, 0.01
2 184 50 40
RS: 0.01, -0.01, 0.01
2 184 86 224
RS: 0.00, -0.01, 0.00
2 184 123 152
RS: 0.00, -0.01, 0.01
2 184 160 80
RS: 0.00, -0.01, 0.01
2 184 197 8
RS: 0.01, -0.01, 0.01
2 184 233 184
RS: 0.01, -0.01, 0.01
2 185 14 112
RS: 0.01, -0.01, 0.00
2 185 51 40
RS: 0.01, -0.01, 0.01
2 185 87 224
RS: 0.00, -0.01, 0.01
2 185 124 152
RS: 0.01, -0.01, 0.01
2 185 161 80
RS: 0.01, -0.02, 0.01
2 185 198 8
RS: 0.01, -0.01, 0.01
2 185 234 192
RS: 0.01, -0.01, 0.01
2 186 15 120
RS: 0.01, -0.01, 0.02
2 186 52 40
RS: 0.01, -0.01, 0.01
2 186 88 224
RS: 0.01, -0.01, 0.01
2 186 125 152
RS: 0.00, -0.01, 0.02
2 186 162 80
RS: 0.00, -0.01, 0.02
2 186 199 8
RS: 0.00, -0.02, 0.01
2 186 235 192
RS: 0.01, -0.01, 0.01
2 187 16 120
RS: 0.01, -0.01, 0.01
2 187 53 48
RS: -0.00, -0.01, 0.02
2 187 89 224
RS: 0.01, -0.01, 0.01
2 187 126 152
RS: 0.01, -0.01, 0.01
2 187 163 80
RS: 0.00, -0.01, 0.01
2 187 200 16
RS: 0.01, -0.02, 0.02
2 187 236 192
RS: 0.00, -0.01, 0.01
2 188 17 120
RS: 0.01, -0.01, 0.00
2 188 54 48
RS: 0.02, -0.01, 0.01
2 188 90 232
RS: 0.01, -0.01, 0.01
2 188 127 152
RS: 0.01, -0.01, 0.01
2 188 164 80
RS: 0.00, -0.02, 0.01
2 188 201 8
RS: 0.00, -0.01, 0.01
2 188 237 192
RS: 0.01, -0.01, 0.01
2 189 18 120
RS: 0.01, -0.02, 0.01
2 189 55 48
RS: 0.01, -0.01, 0.01
2 189 91 232
RS: 0.01, -0.01, 0.01
2 189 128 160
RS: 0.01, -0.01, 0.01
2 189 165 88
RS: 0.01, -0.01, 0.01
2 189 202 8
RS: 0.01, -0.01, 0.01
2 189 238 192
RS: 0.01, -0.01, 0.00
2 190 19 120
RS: 0.01, -0.02, 0.01
2 190 56 48
RS: 0.01, -0.01, 0.01
2 190 92 232
RS: 0.01, -0.01, 0.01
2 190 129 160
RS: 0.01, -0.01, 0.01
2 190 166 88
RS: 0.01, -0.01, 0.01
2 190 203 16
RS: 0.01, -0.01, 0.01
2 190 239 192
RS: 0.01, -0.01, 0.01
2 191 20 120
RS: 0.01, -0.01, 0.00
2 191 57 48
RS: 0.00, -0.02, 0.01
2 191 93 232
RS: 0.01, -0.01, 0.01
2 191 130 160
RS: 0.01, -0.01, 0.01
2 191 167 88
RS: 0.01, -0.01, 0.01
2 191 204 16
RS: 0.02, -0.01, 0.01
2 191 240 200
RS: 0.01, -0.01, 0.01
2 192 21 128
RS: 0.00, -0.01, 0.01
2 192 58 48
RS: 0.01, -0.02, 0.01
2 192 94 232
RS: 0.01, -0.01, 0.01
2 192 131 160
RS: 0.01, -0.02, 0.01
2 192 168 88
RS: 0.01, -0.02, 0.01
2 192 205 16
RS: 0.00, -0.01, 0.01
2 192 241 200
RS: 0.00, -0.01, 0.00
2 193 22 128
RS: 0.00, -0.01, 0.01
2 193 59 56
RS: 0.01, -0.01, 0.01
2 193 95 232
RS: 0.01, -0.01, 0.01
2 193 132 160
RS: 0.01, -0.01, 0.01
2 193 169 88
RS: 0.01, -0.02, 0.01
2 193 206 16
RS: 0.01, -0.01, 0.01
2 193 242 200
RS: 0.00, -0.02, 0.01
2 194 23 128
RS: 0.00, -0.01, 0.01
2 194 60 56
RS: 0.01, -0.01, 0.01
2 194 96 240
RS: 0.01, -0.01, 0.01
2 194 133 168
RS: 0.01, -0.01, 0.01
2 194 170 88
RS: 0.00, -0.02, 0.01
2 194 207 16
RS: 0.00, -0.02, 0.01
2 194 243 200
RS: 0.01, -0.01, 0.00
2 195 24 128
RS: 0.02, -0.01, 0.01
2 195 61 56
RS: 0.02, -0.02, 0.01
2 195 97 240
RS: 0.02, -0.01, 0.01
2 195 134 168
RS: 0.01, -0.01, 0.01
2 195 171 96
RS: 0.01, -0.01, 0.01
2 195 208 16
RS: 0.01, -0.01, 0.01
2 195 244 208
RS: 0.02, -0.01, 0.01
2 196 25 128
RS: 0.02, -0.01, 0.00
2 196 62 56
RS: 0.01, -0.01, 0.01
2 196 98 240
RS: 0.01, -0.01, 0.01
2 196 135 168
RS: 0.00, -0.02, 0.01
2 196 172 96
RS: 0.00, -0.02, 0.01
2 196 209 24
RS: 0.01, -0.01, 0.01
2 196 245 208
RS: 0.01, -0.02, 0.01
2 197 26 128
RS: 0.01, -0.01, 0.01
2 197 63 56
RS: 0.01, -0.01, 0.02
2 197 99 240
RS: 0.01, -0.01, 0.01
2 197 136 168
RS: 0.01, -0.01, 0.01
2 197 173 96
RS: 0.01, -0.01, 0.01
2 197 210 24
RS: 0.01, -0.01, 0.01
2 197 246 208
RS: 0.01, -0.02, 0.01
2 198 27 136
RS: 0.01, -0.01, 0.01
2 198 64 56
RS: 0.02, -0.01, 0.01
2 198 100 240
RS: 0.01, -0.01, 0.01
2 198 137 168
RS: 0.02, -0.01, 0.01
2 198 174 96
RS: 0.02, -0.01, 0.01
2 198 211 24
RS: 0.01, -0.01, 0.01
2 198 247 208
RS: 0.00, -0.01, 0.00
2 199 28 136
RS: 0.00, -0.01, 0.01
2 199 65 64
RS: 0.00, -0.01, 0.01
2 199 101 248
RS: 0.00, -0.01, 0.01
2 199 138 168
RS: 0.01, -0.01, 0.01
2 199 175 96
RS: 0.00, -0.01, 0.01
2 199 212 24
RS: 0.01, -0.01, 0.01
2 199 248 208
RS: 0.01, -0.01, 0.01
2 200 29 136
RS: 0.01, -0.00, 0.01
2 200 66 64
RS: 0.01, -0.01, 0.01
2 200 102 248
RS: 0.00, -0.01, 0.01
2 200 139 176
RS: 0.00, -0.01, 0.00
2 200 176 104
RS: 0.01, -0.01, 0.01
2 200 213 24
RS: 0.01, -0.02, 0.02
2 200 249 208
RS: 0.01, -0.02, 0.01
2 201 30 136
RS: 0.01, -0.01, 0.01
2 201 67 64
RS: 0.01, -0.01, 0.00
2 201 103 248
RS: 0.01, -0.01, 0.01
2 201 140 176
RS: 0.01, -0.01, 0.01
2 201 177 104
RS: 0.01, -0.01, 0.01
2 201 214 32
RS: 0.01, -0.01, 0.01
2 201 250 208
RS: 0.01, -0.01, 0.00
2 202 31 136
RS: 0.01, -0.01, 0.01
2 202 68 64
RS: 0.01, -0.01, 0.01
2 202 104 248
RS: 0.01, -0.01, 0.01
2 202 141 176
RS: 0.00, -0.01, 0.01
2 202 178 104
RS: 0.01, -0.02, 0.01
2 202 215 32
RS: 0.01, -0.01, 0.01
2 202 251 216
RS: 0.01, -0.01, 0.00
2 203 32 144
RS: 0.01, -0.01, 0.01
2 203 69 64
RS: 0.01, -0.01, 0.02
2 203 105 248
RS: 0.01, -0.01, 0.01
2 203 142 176
RS: 0.01, -0.01, 0.01
2 203 179 104
RS: 0.01, -0.01, 0.01
2 203 216 32
RS: 0.01, -0.01, 0.01
2 203 252 216
RS: 0.00, -0.01, 0.01
2 204 33 144
RS: 0.01, -0.01, 0.01
2 204 70 72
RS: 0.01, -0.01, 0.01
2 204 106 248
RS: 0.00, -0.02, 0.01
2 204 143 176
RS: 0.01, -0.01, 0.01
2 204 180 104
RS: 0.01, -0.01, 0.01
2 204 217 32
RS: 0.00, -0.02, 0.01
2 204 253 216
RS: 0.01, -0.01, 0.01
2 205 34 144
RS: 0.01, -0.01, 0.01
2 205 71 72
RS: 0.01, -0.02, 0.01
2 205 108 0
RS: 0.01, -0.01, 0.01
2 205 144 176
RS: 0.01, -0.01, 0.02
2 205 181 104
RS: 0.00, -0.01, 0.01
2 205 218 32
RS: 0.00, -0.01, 0.01
2 205 254 216
RS: 0.00, -0.01, 0.02
2 206 35 144
RS: 0.00, -0.01, 0.01
2 206 72 72
RS: 0.01, -0.01, 0.01
2 206 109 0
RS: 0.01, -0.01, 0.01
2 206 145 184
RS: 0.01, -0.01, 0.01
2 206 182 112
RS: 0.01, -0.01, 0.01
2 206 219 32
RS: 0.02, -0.01, 0.01
2 206 255 216
RS: 0.02, -0.01, 0.01
2 207 36 144
RS: 0.02, -0.01, 0.01
2 207 73 72
RS: 0.01, -0.01, 0.00
2 207 110 0
RS: 0.00, -0.02, 0.01
2 207 146 184
RS: 0.01, -0.01, 0.01
2 207 183 112
RS: -0.00, -0.02, 0.01
2 207 220 40
RS: 0.00, -0.02, 0.01
2 208 0 224
RS: 0.00, -0.01, 0.01
2 208 37 144
RS: 0.00, -0.01, 0.01
2 208 74 72
RS: 0.01, -0.01, 0.01
2 208 111 0
RS: 0.00, -0.01, 0.00
2 208 147 184
RS: 0.01, -0.01, 0.01
2 208 184 112
RS: 0.01, -0.01, 0.01
2 208 221 40
RS: 0.01, -0.01, 0.01
2 209 1 224
RS: 0.01, -0.02, 0.01
2 209 38 152
RS: 0.01, -0.02, 0.01
2 209 75 72
RS: 0.01, -0.01, 0.01
2 209 112 0
RS: 0.01, -0.01, 0.02
2 209 148 184
RS: 0.01, -0.01, 0.01
2 209 185 112
RS: 0.01, -0.02, 0.00
2 209 222 40
RS: 0.01, -0.01, 0.01
2 210 2 224
RS: 0.02, -0.01, 0.01
2 210 39 152
RS: 0.01, -0.01, 0.01
2 210 76 80
RS: 0.01, -0.01, 0.01
2 210 113 8
RS: 0.01, -0.01, 0.01
2 210 149 184
RS: 0.01, -0.01, 0.01
2 210 186 112
RS: 0.01, -0.01, 0.01
2 210 223 40
RS: 0.00, -0.01, 0.01
2 211 3 224
RS: 0.01, -0.01, 0.01
2 211 40 152
RS: 0.01, -0.01, 0.02
2 211 77 80
RS: 0.01, -0.01, 0.01
2 211 114 8
RS: 0.01, -0.01, 0.00
2 211 150 192
RS: 0.01, -0.01, 0.01
2 211 187 112
RS: 0.01, -0.01, 0.01
2 211 224 40
RS: 0.01, -0.01, 0.01
2 212 4 224
RS: 0.01, -0.01, 0.02
2 212 41 152
RS: 0.01, -0.01, 0.02
2 212 78 80
RS: 0.00, -0.01, 0.01
2 212 115 8
RS: 0.01, -0.02, 0.01
2 212 151 192
RS: 0.02, -0.01, 0.01
2 212 188 120
RS: 0.01, -0.01, 0.02
2 212 225 48
RS: 0.01, -0.01, 0.02
2 213 5 224
RS: 0.01, -0.01, 0.01
2 213 42 152
RS: 0.00, -0.01, 0.02
2 213 79 80
RS: 0.01, -0.02, 0.01
2 213 116 8
RS: 0.01, -0.01, 0.01
2 213 152 192
RS: 0.01, -0.01, 0.01
2 213 189 120
RS: 0.00, -0.01, 0.02
2 213 226 48
RS: 0.00, -0.01, 0.01
2 214 6 232
RS: 0.01, -0.01, 0.01
2 214 43 152
RS: 0.00, -0.01, 0.01
2 214 80 80
RS: 0.01, -0.01, 0.01
2 214 117 8
RS: 0.01, -0.01, 0.02
2 214 153 192
RS: 0.02, -0.01, 0.01
2 214 190 120
RS: 0.01, -0.01, 0.01
2 214 227 48
RS: 0.01, -0.02, 0.01
2 215 7 232
RS: 0.01, -0.01, 0.01
2 215 44 160
RS: 0.01, -0.01, 0.01
2 215 81 88
RS: 0.01, -0.01, 0.01
2 215 118 8
RS: 0.01, -0.01, 0.02
2 215 154 192
RS: 0.01, -0.01, 0.01
2 215 191 120
RS: 0.01, -0.01, 0.01
2 215 228 48
RS: 0.01, -0.01, 0.01
2 216 8 232
RS: 0.01, -0.01, 0.01
2 216 45 160
RS: 0.02, -0.01, 0.01
2 216 82 88
RS: 0.02, -0.01, 0.01
2 216 119 16
RS: 0.01, -0.01, 0.01
2 216 155 192
RS: 0.01, -0.01, 0.01
2 216 192 120
RS: 0.01, -0.01, 0.01
2 216 229 48
